序号   参考坐标   层号   强度    待配准坐标  层号  强度
0->[238, 61]    0    3.27148e-05    [333, 112]    3   0.000186011
1->[249, 62]    0    2.49593e-05    [350, 113]    1   7.57689e-05
2->[109, 66]    0    4.2834e-05    [149, 124]    3   0.000293894
3->[130, 71]    0    2.26082e-05    [179, 129]    3   0.000146498
4->[161, 75]    0    1.49795e-05    [224, 136]    3   0.000278436
5->[98, 79]    0    3.45138e-05    [135, 141]    1   7.96693e-05
6->[109, 80]    0    4.64282e-05    [150, 144]    2   0.000107453
7->[141, 86]    0    2.0881e-05    [197, 151]    2   0.000195017
8->[105, 92]    0    3.94674e-05    [147, 158]    2   0.000124119
9->[99, 65]    1    4.3048e-05    [136, 122]    2   0.000200611
10->[119, 68]    1    6.98821e-05    [164, 125]    2   0.000111996
11->[237, 74]    1    3.57884e-05    [335, 132]    4   0.000356051
12->[99, 79]    1    5.8532e-05    [136, 140]    3   0.000235437
13->[220, 85]    1    5.04593e-05    [310, 148]    3   0.000188209
14->[161, 89]    1    2.44956e-05    [226, 154]    2   0.000185827
15->[180, 92]    1    9.52254e-05    [253, 157]    2   8.24574e-05
16->[219, 97]    1    4.17037e-05    [310, 164]    3   5.89884e-05
17->[238, 62]    2    7.75687e-05    [334, 114]    4   0.000318497
18->[100, 66]    2    7.6013e-05    [136, 124]    4   0.00042373
19->[160, 89]    2    3.33972e-05    [226, 153]    3   0.000248822
20->[239, 63]    3    9.20796e-05    [335, 117]    5   0.000494932
21->[100, 67]    3    9.83614e-05    [136, 125]    5   0.00049845
22->[245, 64]    4    0.000140079    [342, 117]    7   0.00119039
23->[100, 68]    4    0.000128514    [138, 126]    6   0.000728592
-------------------------------------------------------
组号 参考点数 待配准点数 参考正确数 待配准正确数
0       102        92        9        0
1       103        72        8        2
2       80        59        3        7
3       43        43        2        8
4       30        25        2        3
5       21        19        0        2
6       14        14        0        1
7       8        12        0        1
